0.0065059661865234375
0.0011200904846191406
0.0020051002502441406
0.006125926971435547
0.005021810531616211
0.007580995559692383
0.005999088287353516
0.0025255680084228516
0.0075418949127197266
0.006028652191162109
0.012031316757202148
0.016373634338378906
0.014801502227783203
0.016363859176635742
0.01108098030090332
0.01247859001159668
0.015414714813232422
0.012653112411499023
0.014577388763427734
0.014650821685791016
0.022706031799316406
0.023705482482910156
0.027709007263183594
0.02459096908569336
0.02412891387939453
0.02170872688293457
0.02254772186279297
0.024008989334106445
0.02613091468811035
0.024211883544921875
0.047953128814697266
0.04811716079711914
0.04854869842529297
0.04754281044006348
0.04754328727722168
0.04904890060424805
0.048055410385131836
0.04861092567443848
0.045546531677246094
0.047116994857788086
0.09576892852783203
0.09127092361450195
0.09429597854614258
0.0947413444519043
0.10481572151184082
0.09967565536499023
0.09651780128479004
0.10090208053588867
0.10143041610717773
0.09814095497131348
0.19936108589172363
0.2050914764404297
0.1936190128326416
0.19989466667175293
0.19967269897460938
0.203840970993042
0.19733977317810059
0.19261884689331055
0.20505380630493164
0.20316219329833984
0.4079551696777344
0.42192602157592773
0.4164714813232422
0.4281809329986572
0.41011595726013184
0.4218409061431885
0.40334606170654297
0.4148743152618408
0.4269583225250244
0.4149899482727051
0.9165031909942627
0.8978934288024902
0.8908307552337646
0.9010910987854004
0.8901314735412598
0.8978676795959473
0.8925552368164062
0.9123468399047852
0.9001691341400146
0.896214485168457
2.0689949989318848
2.0295486450195312
2.099050521850586
2.045050621032715
2.1596829891204834
2.0617096424102783
2.0900495052337646
2.0500879287719727
2.05540132522583
2.0366194248199463

0.0010001659393310547
0.00201416015625
0.0020041465759277344
0.005020856857299805
0.0010030269622802734
0.005685091018676758
0.0014405250549316406
0.005156993865966797
0.0017445087432861328
0.0010030269622802734

0.00466156005859375
0.006892681121826172
0.0024840831756591797
0.005001068115234375
0.0050313472747802734
0.0025033950805664062
0.004944801330566406
0.0005042552947998047
0.005025625228881836
0.0033266544342041016

0.003506183624267578
0.00506138801574707
0.005005359649658203
0.005021095275878906
0.003506183624267578
0.0050084590911865234
0.0070323944091796875
0.0030107498168945312
0.004524707794189453
0.0017442703247070312

0.0051386356353759766
0.004044294357299805
0.004756450653076172
0.00877690315246582
0.005509853363037109
0.004006147384643555
0.004947185516357422
0.011353254318237305
0.005027055740356445
0.00647282600402832

0.008033514022827148
0.012772798538208008
0.0017445087432861328
0.007083415985107422
0.007013797760009766
0.008203744888305664
0.007609367370605469
0.007091522216796875
0.0025179386138916016
0.0060083866119384766

0.007375240325927734
0.008752584457397461
0.009490489959716797
0.005051374435424805
0.0059969425201416016
0.007023811340332031
0.009242057800292969
0.007699012756347656
0.012915849685668945
0.008171319961547852

0.011793851852416992
0.010023355484008789
0.010528564453125
0.009620904922485352
0.010506153106689453
0.009531259536743164
0.009118318557739258
0.010015487670898438
0.01003265380859375
0.010341167449951172

0.00819087028503418
0.011653661727905273
0.0147705078125
0.012141942977905273
0.014077186584472656
0.007252216339111328
0.013636112213134766
0.009533166885375977
0.009689569473266602
0.011350154876708984
